#Auto Generated Topology File
#Topology Matrix:  10 * 10  Nodes
#Radio Range:  5.0
-n 100 

0   1   -50
0   2   -50
0   3   -50
0   4   -50
0   5   -50
0   10   -50
0   11   -50
0   12   -50
0   13   -50
0   14   -50
0   20   -50
0   21   -50
0   22   -50
0   23   -50
0   24   -50
0   30   -50
0   31   -50
0   32   -50
0   33   -50
0   34   -50
0   40   -50
0   41   -50
0   42   -50
0   43   -50
0   50   -50

1   0   -50
1   2   -50
1   3   -50
1   4   -50
1   5   -50
1   6   -50
1   10   -50
1   11   -50
1   12   -50
1   13   -50
1   14   -50
1   15   -50
1   20   -50
1   21   -50
1   22   -50
1   23   -50
1   24   -50
1   25   -50
1   30   -50
1   31   -50
1   32   -50
1   33   -50
1   34   -50
1   35   -50
1   40   -50
1   41   -50
1   42   -50
1   43   -50
1   44   -50
1   51   -50

2   0   -50
2   1   -50
2   3   -50
2   4   -50
2   5   -50
2   6   -50
2   7   -50
2   10   -50
2   11   -50
2   12   -50
2   13   -50
2   14   -50
2   15   -50
2   16   -50
2   20   -50
2   21   -50
2   22   -50
2   23   -50
2   24   -50
2   25   -50
2   26   -50
2   30   -50
2   31   -50
2   32   -50
2   33   -50
2   34   -50
2   35   -50
2   36   -50
2   40   -50
2   41   -50
2   42   -50
2   43   -50
2   44   -50
2   45   -50
2   52   -50

3   0   -50
3   1   -50
3   2   -50
3   4   -50
3   5   -50
3   6   -50
3   7   -50
3   8   -50
3   10   -50
3   11   -50
3   12   -50
3   13   -50
3   14   -50
3   15   -50
3   16   -50
3   17   -50
3   20   -50
3   21   -50
3   22   -50
3   23   -50
3   24   -50
3   25   -50
3   26   -50
3   27   -50
3   30   -50
3   31   -50
3   32   -50
3   33   -50
3   34   -50
3   35   -50
3   36   -50
3   37   -50
3   40   -50
3   41   -50
3   42   -50
3   43   -50
3   44   -50
3   45   -50
3   46   -50
3   53   -50

4   0   -50
4   1   -50
4   2   -50
4   3   -50
4   5   -50
4   6   -50
4   7   -50
4   8   -50
4   9   -50
4   10   -50
4   11   -50
4   12   -50
4   13   -50
4   14   -50
4   15   -50
4   16   -50
4   17   -50
4   18   -50
4   20   -50
4   21   -50
4   22   -50
4   23   -50
4   24   -50
4   25   -50
4   26   -50
4   27   -50
4   28   -50
4   30   -50
4   31   -50
4   32   -50
4   33   -50
4   34   -50
4   35   -50
4   36   -50
4   37   -50
4   38   -50
4   41   -50
4   42   -50
4   43   -50
4   44   -50
4   45   -50
4   46   -50
4   47   -50
4   54   -50

5   0   -50
5   1   -50
5   2   -50
5   3   -50
5   4   -50
5   6   -50
5   7   -50
5   8   -50
5   9   -50
5   11   -50
5   12   -50
5   13   -50
5   14   -50
5   15   -50
5   16   -50
5   17   -50
5   18   -50
5   19   -50
5   21   -50
5   22   -50
5   23   -50
5   24   -50
5   25   -50
5   26   -50
5   27   -50
5   28   -50
5   29   -50
5   31   -50
5   32   -50
5   33   -50
5   34   -50
5   35   -50
5   36   -50
5   37   -50
5   38   -50
5   39   -50
5   42   -50
5   43   -50
5   44   -50
5   45   -50
5   46   -50
5   47   -50
5   48   -50
5   55   -50

6   1   -50
6   2   -50
6   3   -50
6   4   -50
6   5   -50
6   7   -50
6   8   -50
6   9   -50
6   12   -50
6   13   -50
6   14   -50
6   15   -50
6   16   -50
6   17   -50
6   18   -50
6   19   -50
6   22   -50
6   23   -50
6   24   -50
6   25   -50
6   26   -50
6   27   -50
6   28   -50
6   29   -50
6   32   -50
6   33   -50
6   34   -50
6   35   -50
6   36   -50
6   37   -50
6   38   -50
6   39   -50
6   43   -50
6   44   -50
6   45   -50
6   46   -50
6   47   -50
6   48   -50
6   49   -50
6   56   -50

7   2   -50
7   3   -50
7   4   -50
7   5   -50
7   6   -50
7   8   -50
7   9   -50
7   13   -50
7   14   -50
7   15   -50
7   16   -50
7   17   -50
7   18   -50
7   19   -50
7   23   -50
7   24   -50
7   25   -50
7   26   -50
7   27   -50
7   28   -50
7   29   -50
7   33   -50
7   34   -50
7   35   -50
7   36   -50
7   37   -50
7   38   -50
7   39   -50
7   44   -50
7   45   -50
7   46   -50
7   47   -50
7   48   -50
7   49   -50
7   57   -50

8   3   -50
8   4   -50
8   5   -50
8   6   -50
8   7   -50
8   9   -50
8   14   -50
8   15   -50
8   16   -50
8   17   -50
8   18   -50
8   19   -50
8   24   -50
8   25   -50
8   26   -50
8   27   -50
8   28   -50
8   29   -50
8   34   -50
8   35   -50
8   36   -50
8   37   -50
8   38   -50
8   39   -50
8   45   -50
8   46   -50
8   47   -50
8   48   -50
8   49   -50
8   58   -50

9   4   -50
9   5   -50
9   6   -50
9   7   -50
9   8   -50
9   15   -50
9   16   -50
9   17   -50
9   18   -50
9   19   -50
9   25   -50
9   26   -50
9   27   -50
9   28   -50
9   29   -50
9   35   -50
9   36   -50
9   37   -50
9   38   -50
9   39   -50
9   46   -50
9   47   -50
9   48   -50
9   49   -50
9   59   -50

10   0   -50
10   1   -50
10   2   -50
10   3   -50
10   4   -50
10   11   -50
10   12   -50
10   13   -50
10   14   -50
10   15   -50
10   20   -50
10   21   -50
10   22   -50
10   23   -50
10   24   -50
10   30   -50
10   31   -50
10   32   -50
10   33   -50
10   34   -50
10   40   -50
10   41   -50
10   42   -50
10   43   -50
10   44   -50
10   50   -50
10   51   -50
10   52   -50
10   53   -50
10   60   -50

11   0   -50
11   1   -50
11   2   -50
11   3   -50
11   4   -50
11   5   -50
11   10   -50
11   12   -50
11   13   -50
11   14   -50
11   15   -50
11   16   -50
11   20   -50
11   21   -50
11   22   -50
11   23   -50
11   24   -50
11   25   -50
11   30   -50
11   31   -50
11   32   -50
11   33   -50
11   34   -50
11   35   -50
11   40   -50
11   41   -50
11   42   -50
11   43   -50
11   44   -50
11   45   -50
11   50   -50
11   51   -50
11   52   -50
11   53   -50
11   54   -50
11   61   -50

12   0   -50
12   1   -50
12   2   -50
12   3   -50
12   4   -50
12   5   -50
12   6   -50
12   10   -50
12   11   -50
12   13   -50
12   14   -50
12   15   -50
12   16   -50
12   17   -50
12   20   -50
12   21   -50
12   22   -50
12   23   -50
12   24   -50
12   25   -50
12   26   -50
12   30   -50
12   31   -50
12   32   -50
12   33   -50
12   34   -50
12   35   -50
12   36   -50
12   40   -50
12   41   -50
12   42   -50
12   43   -50
12   44   -50
12   45   -50
12   46   -50
12   50   -50
12   51   -50
12   52   -50
12   53   -50
12   54   -50
12   55   -50
12   62   -50

13   0   -50
13   1   -50
13   2   -50
13   3   -50
13   4   -50
13   5   -50
13   6   -50
13   7   -50
13   10   -50
13   11   -50
13   12   -50
13   14   -50
13   15   -50
13   16   -50
13   17   -50
13   18   -50
13   20   -50
13   21   -50
13   22   -50
13   23   -50
13   24   -50
13   25   -50
13   26   -50
13   27   -50
13   30   -50
13   31   -50
13   32   -50
13   33   -50
13   34   -50
13   35   -50
13   36   -50
13   37   -50
13   40   -50
13   41   -50
13   42   -50
13   43   -50
13   44   -50
13   45   -50
13   46   -50
13   47   -50
13   50   -50
13   51   -50
13   52   -50
13   53   -50
13   54   -50
13   55   -50
13   56   -50
13   63   -50

14   0   -50
14   1   -50
14   2   -50
14   3   -50
14   4   -50
14   5   -50
14   6   -50
14   7   -50
14   8   -50
14   10   -50
14   11   -50
14   12   -50
14   13   -50
14   15   -50
14   16   -50
14   17   -50
14   18   -50
14   19   -50
14   20   -50
14   21   -50
14   22   -50
14   23   -50
14   24   -50
14   25   -50
14   26   -50
14   27   -50
14   28   -50
14   30   -50
14   31   -50
14   32   -50
14   33   -50
14   34   -50
14   35   -50
14   36   -50
14   37   -50
14   38   -50
14   40   -50
14   41   -50
14   42   -50
14   43   -50
14   44   -50
14   45   -50
14   46   -50
14   47   -50
14   48   -50
14   51   -50
14   52   -50
14   53   -50
14   54   -50
14   55   -50
14   56   -50
14   57   -50
14   64   -50

15   1   -50
15   2   -50
15   3   -50
15   4   -50
15   5   -50
15   6   -50
15   7   -50
15   8   -50
15   9   -50
15   10   -50
15   11   -50
15   12   -50
15   13   -50
15   14   -50
15   16   -50
15   17   -50
15   18   -50
15   19   -50
15   21   -50
15   22   -50
15   23   -50
15   24   -50
15   25   -50
15   26   -50
15   27   -50
15   28   -50
15   29   -50
15   31   -50
15   32   -50
15   33   -50
15   34   -50
15   35   -50
15   36   -50
15   37   -50
15   38   -50
15   39   -50
15   41   -50
15   42   -50
15   43   -50
15   44   -50
15   45   -50
15   46   -50
15   47   -50
15   48   -50
15   49   -50
15   52   -50
15   53   -50
15   54   -50
15   55   -50
15   56   -50
15   57   -50
15   58   -50
15   65   -50

16   2   -50
16   3   -50
16   4   -50
16   5   -50
16   6   -50
16   7   -50
16   8   -50
16   9   -50
16   11   -50
16   12   -50
16   13   -50
16   14   -50
16   15   -50
16   17   -50
16   18   -50
16   19   -50
16   22   -50
16   23   -50
16   24   -50
16   25   -50
16   26   -50
16   27   -50
16   28   -50
16   29   -50
16   32   -50
16   33   -50
16   34   -50
16   35   -50
16   36   -50
16   37   -50
16   38   -50
16   39   -50
16   42   -50
16   43   -50
16   44   -50
16   45   -50
16   46   -50
16   47   -50
16   48   -50
16   49   -50
16   53   -50
16   54   -50
16   55   -50
16   56   -50
16   57   -50
16   58   -50
16   59   -50
16   66   -50

17   3   -50
17   4   -50
17   5   -50
17   6   -50
17   7   -50
17   8   -50
17   9   -50
17   12   -50
17   13   -50
17   14   -50
17   15   -50
17   16   -50
17   18   -50
17   19   -50
17   23   -50
17   24   -50
17   25   -50
17   26   -50
17   27   -50
17   28   -50
17   29   -50
17   33   -50
17   34   -50
17   35   -50
17   36   -50
17   37   -50
17   38   -50
17   39   -50
17   43   -50
17   44   -50
17   45   -50
17   46   -50
17   47   -50
17   48   -50
17   49   -50
17   54   -50
17   55   -50
17   56   -50
17   57   -50
17   58   -50
17   59   -50
17   67   -50

18   4   -50
18   5   -50
18   6   -50
18   7   -50
18   8   -50
18   9   -50
18   13   -50
18   14   -50
18   15   -50
18   16   -50
18   17   -50
18   19   -50
18   24   -50
18   25   -50
18   26   -50
18   27   -50
18   28   -50
18   29   -50
18   34   -50
18   35   -50
18   36   -50
18   37   -50
18   38   -50
18   39   -50
18   44   -50
18   45   -50
18   46   -50
18   47   -50
18   48   -50
18   49   -50
18   55   -50
18   56   -50
18   57   -50
18   58   -50
18   59   -50
18   68   -50

19   5   -50
19   6   -50
19   7   -50
19   8   -50
19   9   -50
19   14   -50
19   15   -50
19   16   -50
19   17   -50
19   18   -50
19   25   -50
19   26   -50
19   27   -50
19   28   -50
19   29   -50
19   35   -50
19   36   -50
19   37   -50
19   38   -50
19   39   -50
19   45   -50
19   46   -50
19   47   -50
19   48   -50
19   49   -50
19   56   -50
19   57   -50
19   58   -50
19   59   -50
19   69   -50

20   0   -50
20   1   -50
20   2   -50
20   3   -50
20   4   -50
20   10   -50
20   11   -50
20   12   -50
20   13   -50
20   14   -50
20   21   -50
20   22   -50
20   23   -50
20   24   -50
20   25   -50
20   30   -50
20   31   -50
20   32   -50
20   33   -50
20   34   -50
20   40   -50
20   41   -50
20   42   -50
20   43   -50
20   44   -50
20   50   -50
20   51   -50
20   52   -50
20   53   -50
20   54   -50
20   60   -50
20   61   -50
20   62   -50
20   63   -50
20   70   -50

21   0   -50
21   1   -50
21   2   -50
21   3   -50
21   4   -50
21   5   -50
21   10   -50
21   11   -50
21   12   -50
21   13   -50
21   14   -50
21   15   -50
21   20   -50
21   22   -50
21   23   -50
21   24   -50
21   25   -50
21   26   -50
21   30   -50
21   31   -50
21   32   -50
21   33   -50
21   34   -50
21   35   -50
21   40   -50
21   41   -50
21   42   -50
21   43   -50
21   44   -50
21   45   -50
21   50   -50
21   51   -50
21   52   -50
21   53   -50
21   54   -50
21   55   -50
21   60   -50
21   61   -50
21   62   -50
21   63   -50
21   64   -50
21   71   -50

22   0   -50
22   1   -50
22   2   -50
22   3   -50
22   4   -50
22   5   -50
22   6   -50
22   10   -50
22   11   -50
22   12   -50
22   13   -50
22   14   -50
22   15   -50
22   16   -50
22   20   -50
22   21   -50
22   23   -50
22   24   -50
22   25   -50
22   26   -50
22   27   -50
22   30   -50
22   31   -50
22   32   -50
22   33   -50
22   34   -50
22   35   -50
22   36   -50
22   40   -50
22   41   -50
22   42   -50
22   43   -50
22   44   -50
22   45   -50
22   46   -50
22   50   -50
22   51   -50
22   52   -50
22   53   -50
22   54   -50
22   55   -50
22   56   -50
22   60   -50
22   61   -50
22   62   -50
22   63   -50
22   64   -50
22   65   -50
22   72   -50

23   0   -50
23   1   -50
23   2   -50
23   3   -50
23   4   -50
23   5   -50
23   6   -50
23   7   -50
23   10   -50
23   11   -50
23   12   -50
23   13   -50
23   14   -50
23   15   -50
23   16   -50
23   17   -50
23   20   -50
23   21   -50
23   22   -50
23   24   -50
23   25   -50
23   26   -50
23   27   -50
23   28   -50
23   30   -50
23   31   -50
23   32   -50
23   33   -50
23   34   -50
23   35   -50
23   36   -50
23   37   -50
23   40   -50
23   41   -50
23   42   -50
23   43   -50
23   44   -50
23   45   -50
23   46   -50
23   47   -50
23   50   -50
23   51   -50
23   52   -50
23   53   -50
23   54   -50
23   55   -50
23   56   -50
23   57   -50
23   60   -50
23   61   -50
23   62   -50
23   63   -50
23   64   -50
23   65   -50
23   66   -50
23   73   -50

24   0   -50
24   1   -50
24   2   -50
24   3   -50
24   4   -50
24   5   -50
24   6   -50
24   7   -50
24   8   -50
24   10   -50
24   11   -50
24   12   -50
24   13   -50
24   14   -50
24   15   -50
24   16   -50
24   17   -50
24   18   -50
24   20   -50
24   21   -50
24   22   -50
24   23   -50
24   25   -50
24   26   -50
24   27   -50
24   28   -50
24   29   -50
24   30   -50
24   31   -50
24   32   -50
24   33   -50
24   34   -50
24   35   -50
24   36   -50
24   37   -50
24   38   -50
24   40   -50
24   41   -50
24   42   -50
24   43   -50
24   44   -50
24   45   -50
24   46   -50
24   47   -50
24   48   -50
24   50   -50
24   51   -50
24   52   -50
24   53   -50
24   54   -50
24   55   -50
24   56   -50
24   57   -50
24   58   -50
24   61   -50
24   62   -50
24   63   -50
24   64   -50
24   65   -50
24   66   -50
24   67   -50
24   74   -50

25   1   -50
25   2   -50
25   3   -50
25   4   -50
25   5   -50
25   6   -50
25   7   -50
25   8   -50
25   9   -50
25   11   -50
25   12   -50
25   13   -50
25   14   -50
25   15   -50
25   16   -50
25   17   -50
25   18   -50
25   19   -50
25   20   -50
25   21   -50
25   22   -50
25   23   -50
25   24   -50
25   26   -50
25   27   -50
25   28   -50
25   29   -50
25   31   -50
25   32   -50
25   33   -50
25   34   -50
25   35   -50
25   36   -50
25   37   -50
25   38   -50
25   39   -50
25   41   -50
25   42   -50
25   43   -50
25   44   -50
25   45   -50
25   46   -50
25   47   -50
25   48   -50
25   49   -50
25   51   -50
25   52   -50
25   53   -50
25   54   -50
25   55   -50
25   56   -50
25   57   -50
25   58   -50
25   59   -50
25   62   -50
25   63   -50
25   64   -50
25   65   -50
25   66   -50
25   67   -50
25   68   -50
25   75   -50

26   2   -50
26   3   -50
26   4   -50
26   5   -50
26   6   -50
26   7   -50
26   8   -50
26   9   -50
26   12   -50
26   13   -50
26   14   -50
26   15   -50
26   16   -50
26   17   -50
26   18   -50
26   19   -50
26   21   -50
26   22   -50
26   23   -50
26   24   -50
26   25   -50
26   27   -50
26   28   -50
26   29   -50
26   32   -50
26   33   -50
26   34   -50
26   35   -50
26   36   -50
26   37   -50
26   38   -50
26   39   -50
26   42   -50
26   43   -50
26   44   -50
26   45   -50
26   46   -50
26   47   -50
26   48   -50
26   49   -50
26   52   -50
26   53   -50
26   54   -50
26   55   -50
26   56   -50
26   57   -50
26   58   -50
26   59   -50
26   63   -50
26   64   -50
26   65   -50
26   66   -50
26   67   -50
26   68   -50
26   69   -50
26   76   -50

27   3   -50
27   4   -50
27   5   -50
27   6   -50
27   7   -50
27   8   -50
27   9   -50
27   13   -50
27   14   -50
27   15   -50
27   16   -50
27   17   -50
27   18   -50
27   19   -50
27   22   -50
27   23   -50
27   24   -50
27   25   -50
27   26   -50
27   28   -50
27   29   -50
27   33   -50
27   34   -50
27   35   -50
27   36   -50
27   37   -50
27   38   -50
27   39   -50
27   43   -50
27   44   -50
27   45   -50
27   46   -50
27   47   -50
27   48   -50
27   49   -50
27   53   -50
27   54   -50
27   55   -50
27   56   -50
27   57   -50
27   58   -50
27   59   -50
27   64   -50
27   65   -50
27   66   -50
27   67   -50
27   68   -50
27   69   -50
27   77   -50

28   4   -50
28   5   -50
28   6   -50
28   7   -50
28   8   -50
28   9   -50
28   14   -50
28   15   -50
28   16   -50
28   17   -50
28   18   -50
28   19   -50
28   23   -50
28   24   -50
28   25   -50
28   26   -50
28   27   -50
28   29   -50
28   34   -50
28   35   -50
28   36   -50
28   37   -50
28   38   -50
28   39   -50
28   44   -50
28   45   -50
28   46   -50
28   47   -50
28   48   -50
28   49   -50
28   54   -50
28   55   -50
28   56   -50
28   57   -50
28   58   -50
28   59   -50
28   65   -50
28   66   -50
28   67   -50
28   68   -50
28   69   -50
28   78   -50

29   5   -50
29   6   -50
29   7   -50
29   8   -50
29   9   -50
29   15   -50
29   16   -50
29   17   -50
29   18   -50
29   19   -50
29   24   -50
29   25   -50
29   26   -50
29   27   -50
29   28   -50
29   35   -50
29   36   -50
29   37   -50
29   38   -50
29   39   -50
29   45   -50
29   46   -50
29   47   -50
29   48   -50
29   49   -50
29   55   -50
29   56   -50
29   57   -50
29   58   -50
29   59   -50
29   66   -50
29   67   -50
29   68   -50
29   69   -50
29   79   -50

30   0   -50
30   1   -50
30   2   -50
30   3   -50
30   4   -50
30   10   -50
30   11   -50
30   12   -50
30   13   -50
30   14   -50
30   20   -50
30   21   -50
30   22   -50
30   23   -50
30   24   -50
30   31   -50
30   32   -50
30   33   -50
30   34   -50
30   35   -50
30   40   -50
30   41   -50
30   42   -50
30   43   -50
30   44   -50
30   50   -50
30   51   -50
30   52   -50
30   53   -50
30   54   -50
30   60   -50
30   61   -50
30   62   -50
30   63   -50
30   64   -50
30   70   -50
30   71   -50
30   72   -50
30   73   -50
30   80   -50

31   0   -50
31   1   -50
31   2   -50
31   3   -50
31   4   -50
31   5   -50
31   10   -50
31   11   -50
31   12   -50
31   13   -50
31   14   -50
31   15   -50
31   20   -50
31   21   -50
31   22   -50
31   23   -50
31   24   -50
31   25   -50
31   30   -50
31   32   -50
31   33   -50
31   34   -50
31   35   -50
31   36   -50
31   40   -50
31   41   -50
31   42   -50
31   43   -50
31   44   -50
31   45   -50
31   50   -50
31   51   -50
31   52   -50
31   53   -50
31   54   -50
31   55   -50
31   60   -50
31   61   -50
31   62   -50
31   63   -50
31   64   -50
31   65   -50
31   70   -50
31   71   -50
31   72   -50
31   73   -50
31   74   -50
31   81   -50

32   0   -50
32   1   -50
32   2   -50
32   3   -50
32   4   -50
32   5   -50
32   6   -50
32   10   -50
32   11   -50
32   12   -50
32   13   -50
32   14   -50
32   15   -50
32   16   -50
32   20   -50
32   21   -50
32   22   -50
32   23   -50
32   24   -50
32   25   -50
32   26   -50
32   30   -50
32   31   -50
32   33   -50
32   34   -50
32   35   -50
32   36   -50
32   37   -50
32   40   -50
32   41   -50
32   42   -50
32   43   -50
32   44   -50
32   45   -50
32   46   -50
32   50   -50
32   51   -50
32   52   -50
32   53   -50
32   54   -50
32   55   -50
32   56   -50
32   60   -50
32   61   -50
32   62   -50
32   63   -50
32   64   -50
32   65   -50
32   66   -50
32   70   -50
32   71   -50
32   72   -50
32   73   -50
32   74   -50
32   75   -50
32   82   -50

33   0   -50
33   1   -50
33   2   -50
33   3   -50
33   4   -50
33   5   -50
33   6   -50
33   7   -50
33   10   -50
33   11   -50
33   12   -50
33   13   -50
33   14   -50
33   15   -50
33   16   -50
33   17   -50
33   20   -50
33   21   -50
33   22   -50
33   23   -50
33   24   -50
33   25   -50
33   26   -50
33   27   -50
33   30   -50
33   31   -50
33   32   -50
33   34   -50
33   35   -50
33   36   -50
33   37   -50
33   38   -50
33   40   -50
33   41   -50
33   42   -50
33   43   -50
33   44   -50
33   45   -50
33   46   -50
33   47   -50
33   50   -50
33   51   -50
33   52   -50
33   53   -50
33   54   -50
33   55   -50
33   56   -50
33   57   -50
33   60   -50
33   61   -50
33   62   -50
33   63   -50
33   64   -50
33   65   -50
33   66   -50
33   67   -50
33   70   -50
33   71   -50
33   72   -50
33   73   -50
33   74   -50
33   75   -50
33   76   -50
33   83   -50

34   0   -50
34   1   -50
34   2   -50
34   3   -50
34   4   -50
34   5   -50
34   6   -50
34   7   -50
34   8   -50
34   10   -50
34   11   -50
34   12   -50
34   13   -50
34   14   -50
34   15   -50
34   16   -50
34   17   -50
34   18   -50
34   20   -50
34   21   -50
34   22   -50
34   23   -50
34   24   -50
34   25   -50
34   26   -50
34   27   -50
34   28   -50
34   30   -50
34   31   -50
34   32   -50
34   33   -50
34   35   -50
34   36   -50
34   37   -50
34   38   -50
34   39   -50
34   40   -50
34   41   -50
34   42   -50
34   43   -50
34   44   -50
34   45   -50
34   46   -50
34   47   -50
34   48   -50
34   50   -50
34   51   -50
34   52   -50
34   53   -50
34   54   -50
34   55   -50
34   56   -50
34   57   -50
34   58   -50
34   60   -50
34   61   -50
34   62   -50
34   63   -50
34   64   -50
34   65   -50
34   66   -50
34   67   -50
34   68   -50
34   71   -50
34   72   -50
34   73   -50
34   74   -50
34   75   -50
34   76   -50
34   77   -50
34   84   -50

35   1   -50
35   2   -50
35   3   -50
35   4   -50
35   5   -50
35   6   -50
35   7   -50
35   8   -50
35   9   -50
35   11   -50
35   12   -50
35   13   -50
35   14   -50
35   15   -50
35   16   -50
35   17   -50
35   18   -50
35   19   -50
35   21   -50
35   22   -50
35   23   -50
35   24   -50
35   25   -50
35   26   -50
35   27   -50
35   28   -50
35   29   -50
35   30   -50
35   31   -50
35   32   -50
35   33   -50
35   34   -50
35   36   -50
35   37   -50
35   38   -50
35   39   -50
35   41   -50
35   42   -50
35   43   -50
35   44   -50
35   45   -50
35   46   -50
35   47   -50
35   48   -50
35   49   -50
35   51   -50
35   52   -50
35   53   -50
35   54   -50
35   55   -50
35   56   -50
35   57   -50
35   58   -50
35   59   -50
35   61   -50
35   62   -50
35   63   -50
35   64   -50
35   65   -50
35   66   -50
35   67   -50
35   68   -50
35   69   -50
35   72   -50
35   73   -50
35   74   -50
35   75   -50
35   76   -50
35   77   -50
35   78   -50
35   85   -50

36   2   -50
36   3   -50
36   4   -50
36   5   -50
36   6   -50
36   7   -50
36   8   -50
36   9   -50
36   12   -50
36   13   -50
36   14   -50
36   15   -50
36   16   -50
36   17   -50
36   18   -50
36   19   -50
36   22   -50
36   23   -50
36   24   -50
36   25   -50
36   26   -50
36   27   -50
36   28   -50
36   29   -50
36   31   -50
36   32   -50
36   33   -50
36   34   -50
36   35   -50
36   37   -50
36   38   -50
36   39   -50
36   42   -50
36   43   -50
36   44   -50
36   45   -50
36   46   -50
36   47   -50
36   48   -50
36   49   -50
36   52   -50
36   53   -50
36   54   -50
36   55   -50
36   56   -50
36   57   -50
36   58   -50
36   59   -50
36   62   -50
36   63   -50
36   64   -50
36   65   -50
36   66   -50
36   67   -50
36   68   -50
36   69   -50
36   73   -50
36   74   -50
36   75   -50
36   76   -50
36   77   -50
36   78   -50
36   79   -50
36   86   -50

37   3   -50
37   4   -50
37   5   -50
37   6   -50
37   7   -50
37   8   -50
37   9   -50
37   13   -50
37   14   -50
37   15   -50
37   16   -50
37   17   -50
37   18   -50
37   19   -50
37   23   -50
37   24   -50
37   25   -50
37   26   -50
37   27   -50
37   28   -50
37   29   -50
37   32   -50
37   33   -50
37   34   -50
37   35   -50
37   36   -50
37   38   -50
37   39   -50
37   43   -50
37   44   -50
37   45   -50
37   46   -50
37   47   -50
37   48   -50
37   49   -50
37   53   -50
37   54   -50
37   55   -50
37   56   -50
37   57   -50
37   58   -50
37   59   -50
37   63   -50
37   64   -50
37   65   -50
37   66   -50
37   67   -50
37   68   -50
37   69   -50
37   74   -50
37   75   -50
37   76   -50
37   77   -50
37   78   -50
37   79   -50
37   87   -50

38   4   -50
38   5   -50
38   6   -50
38   7   -50
38   8   -50
38   9   -50
38   14   -50
38   15   -50
38   16   -50
38   17   -50
38   18   -50
38   19   -50
38   24   -50
38   25   -50
38   26   -50
38   27   -50
38   28   -50
38   29   -50
38   33   -50
38   34   -50
38   35   -50
38   36   -50
38   37   -50
38   39   -50
38   44   -50
38   45   -50
38   46   -50
38   47   -50
38   48   -50
38   49   -50
38   54   -50
38   55   -50
38   56   -50
38   57   -50
38   58   -50
38   59   -50
38   64   -50
38   65   -50
38   66   -50
38   67   -50
38   68   -50
38   69   -50
38   75   -50
38   76   -50
38   77   -50
38   78   -50
38   79   -50
38   88   -50

39   5   -50
39   6   -50
39   7   -50
39   8   -50
39   9   -50
39   15   -50
39   16   -50
39   17   -50
39   18   -50
39   19   -50
39   25   -50
39   26   -50
39   27   -50
39   28   -50
39   29   -50
39   34   -50
39   35   -50
39   36   -50
39   37   -50
39   38   -50
39   45   -50
39   46   -50
39   47   -50
39   48   -50
39   49   -50
39   55   -50
39   56   -50
39   57   -50
39   58   -50
39   59   -50
39   65   -50
39   66   -50
39   67   -50
39   68   -50
39   69   -50
39   76   -50
39   77   -50
39   78   -50
39   79   -50
39   89   -50

40   0   -50
40   1   -50
40   2   -50
40   3   -50
40   10   -50
40   11   -50
40   12   -50
40   13   -50
40   14   -50
40   20   -50
40   21   -50
40   22   -50
40   23   -50
40   24   -50
40   30   -50
40   31   -50
40   32   -50
40   33   -50
40   34   -50
40   41   -50
40   42   -50
40   43   -50
40   44   -50
40   45   -50
40   50   -50
40   51   -50
40   52   -50
40   53   -50
40   54   -50
40   60   -50
40   61   -50
40   62   -50
40   63   -50
40   64   -50
40   70   -50
40   71   -50
40   72   -50
40   73   -50
40   74   -50
40   80   -50
40   81   -50
40   82   -50
40   83   -50
40   90   -50

41   0   -50
41   1   -50
41   2   -50
41   3   -50
41   4   -50
41   10   -50
41   11   -50
41   12   -50
41   13   -50
41   14   -50
41   15   -50
41   20   -50
41   21   -50
41   22   -50
41   23   -50
41   24   -50
41   25   -50
41   30   -50
41   31   -50
41   32   -50
41   33   -50
41   34   -50
41   35   -50
41   40   -50
41   42   -50
41   43   -50
41   44   -50
41   45   -50
41   46   -50
41   50   -50
41   51   -50
41   52   -50
41   53   -50
41   54   -50
41   55   -50
41   60   -50
41   61   -50
41   62   -50
41   63   -50
41   64   -50
41   65   -50
41   70   -50
41   71   -50
41   72   -50
41   73   -50
41   74   -50
41   75   -50
41   80   -50
41   81   -50
41   82   -50
41   83   -50
41   84   -50
41   91   -50

42   0   -50
42   1   -50
42   2   -50
42   3   -50
42   4   -50
42   5   -50
42   10   -50
42   11   -50
42   12   -50
42   13   -50
42   14   -50
42   15   -50
42   16   -50
42   20   -50
42   21   -50
42   22   -50
42   23   -50
42   24   -50
42   25   -50
42   26   -50
42   30   -50
42   31   -50
42   32   -50
42   33   -50
42   34   -50
42   35   -50
42   36   -50
42   40   -50
42   41   -50
42   43   -50
42   44   -50
42   45   -50
42   46   -50
42   47   -50
42   50   -50
42   51   -50
42   52   -50
42   53   -50
42   54   -50
42   55   -50
42   56   -50
42   60   -50
42   61   -50
42   62   -50
42   63   -50
42   64   -50
42   65   -50
42   66   -50
42   70   -50
42   71   -50
42   72   -50
42   73   -50
42   74   -50
42   75   -50
42   76   -50
42   80   -50
42   81   -50
42   82   -50
42   83   -50
42   84   -50
42   85   -50
42   92   -50

43   0   -50
43   1   -50
43   2   -50
43   3   -50
43   4   -50
43   5   -50
43   6   -50
43   10   -50
43   11   -50
43   12   -50
43   13   -50
43   14   -50
43   15   -50
43   16   -50
43   17   -50
43   20   -50
43   21   -50
43   22   -50
43   23   -50
43   24   -50
43   25   -50
43   26   -50
43   27   -50
43   30   -50
43   31   -50
43   32   -50
43   33   -50
43   34   -50
43   35   -50
43   36   -50
43   37   -50
43   40   -50
43   41   -50
43   42   -50
43   44   -50
43   45   -50
43   46   -50
43   47   -50
43   48   -50
43   50   -50
43   51   -50
43   52   -50
43   53   -50
43   54   -50
43   55   -50
43   56   -50
43   57   -50
43   60   -50
43   61   -50
43   62   -50
43   63   -50
43   64   -50
43   65   -50
43   66   -50
43   67   -50
43   70   -50
43   71   -50
43   72   -50
43   73   -50
43   74   -50
43   75   -50
43   76   -50
43   77   -50
43   80   -50
43   81   -50
43   82   -50
43   83   -50
43   84   -50
43   85   -50
43   86   -50
43   93   -50

44   1   -50
44   2   -50
44   3   -50
44   4   -50
44   5   -50
44   6   -50
44   7   -50
44   10   -50
44   11   -50
44   12   -50
44   13   -50
44   14   -50
44   15   -50
44   16   -50
44   17   -50
44   18   -50
44   20   -50
44   21   -50
44   22   -50
44   23   -50
44   24   -50
44   25   -50
44   26   -50
44   27   -50
44   28   -50
44   30   -50
44   31   -50
44   32   -50
44   33   -50
44   34   -50
44   35   -50
44   36   -50
44   37   -50
44   38   -50
44   40   -50
44   41   -50
44   42   -50
44   43   -50
44   45   -50
44   46   -50
44   47   -50
44   48   -50
44   49   -50
44   50   -50
44   51   -50
44   52   -50
44   53   -50
44   54   -50
44   55   -50
44   56   -50
44   57   -50
44   58   -50
44   60   -50
44   61   -50
44   62   -50
44   63   -50
44   64   -50
44   65   -50
44   66   -50
44   67   -50
44   68   -50
44   70   -50
44   71   -50
44   72   -50
44   73   -50
44   74   -50
44   75   -50
44   76   -50
44   77   -50
44   78   -50
44   81   -50
44   82   -50
44   83   -50
44   84   -50
44   85   -50
44   86   -50
44   87   -50
44   94   -50

45   2   -50
45   3   -50
45   4   -50
45   5   -50
45   6   -50
45   7   -50
45   8   -50
45   11   -50
45   12   -50
45   13   -50
45   14   -50
45   15   -50
45   16   -50
45   17   -50
45   18   -50
45   19   -50
45   21   -50
45   22   -50
45   23   -50
45   24   -50
45   25   -50
45   26   -50
45   27   -50
45   28   -50
45   29   -50
45   31   -50
45   32   -50
45   33   -50
45   34   -50
45   35   -50
45   36   -50
45   37   -50
45   38   -50
45   39   -50
45   40   -50
45   41   -50
45   42   -50
45   43   -50
45   44   -50
45   46   -50
45   47   -50
45   48   -50
45   49   -50
45   51   -50
45   52   -50
45   53   -50
45   54   -50
45   55   -50
45   56   -50
45   57   -50
45   58   -50
45   59   -50
45   61   -50
45   62   -50
45   63   -50
45   64   -50
45   65   -50
45   66   -50
45   67   -50
45   68   -50
45   69   -50
45   71   -50
45   72   -50
45   73   -50
45   74   -50
45   75   -50
45   76   -50
45   77   -50
45   78   -50
45   79   -50
45   82   -50
45   83   -50
45   84   -50
45   85   -50
45   86   -50
45   87   -50
45   88   -50
45   95   -50

46   3   -50
46   4   -50
46   5   -50
46   6   -50
46   7   -50
46   8   -50
46   9   -50
46   12   -50
46   13   -50
46   14   -50
46   15   -50
46   16   -50
46   17   -50
46   18   -50
46   19   -50
46   22   -50
46   23   -50
46   24   -50
46   25   -50
46   26   -50
46   27   -50
46   28   -50
46   29   -50
46   32   -50
46   33   -50
46   34   -50
46   35   -50
46   36   -50
46   37   -50
46   38   -50
46   39   -50
46   41   -50
46   42   -50
46   43   -50
46   44   -50
46   45   -50
46   47   -50
46   48   -50
46   49   -50
46   52   -50
46   53   -50
46   54   -50
46   55   -50
46   56   -50
46   57   -50
46   58   -50
46   59   -50
46   62   -50
46   63   -50
46   64   -50
46   65   -50
46   66   -50
46   67   -50
46   68   -50
46   69   -50
46   72   -50
46   73   -50
46   74   -50
46   75   -50
46   76   -50
46   77   -50
46   78   -50
46   79   -50
46   83   -50
46   84   -50
46   85   -50
46   86   -50
46   87   -50
46   88   -50
46   89   -50
46   96   -50

47   4   -50
47   5   -50
47   6   -50
47   7   -50
47   8   -50
47   9   -50
47   13   -50
47   14   -50
47   15   -50
47   16   -50
47   17   -50
47   18   -50
47   19   -50
47   23   -50
47   24   -50
47   25   -50
47   26   -50
47   27   -50
47   28   -50
47   29   -50
47   33   -50
47   34   -50
47   35   -50
47   36   -50
47   37   -50
47   38   -50
47   39   -50
47   42   -50
47   43   -50
47   44   -50
47   45   -50
47   46   -50
47   48   -50
47   49   -50
47   53   -50
47   54   -50
47   55   -50
47   56   -50
47   57   -50
47   58   -50
47   59   -50
47   63   -50
47   64   -50
47   65   -50
47   66   -50
47   67   -50
47   68   -50
47   69   -50
47   73   -50
47   74   -50
47   75   -50
47   76   -50
47   77   -50
47   78   -50
47   79   -50
47   84   -50
47   85   -50
47   86   -50
47   87   -50
47   88   -50
47   89   -50
47   97   -50

48   5   -50
48   6   -50
48   7   -50
48   8   -50
48   9   -50
48   14   -50
48   15   -50
48   16   -50
48   17   -50
48   18   -50
48   19   -50
48   24   -50
48   25   -50
48   26   -50
48   27   -50
48   28   -50
48   29   -50
48   34   -50
48   35   -50
48   36   -50
48   37   -50
48   38   -50
48   39   -50
48   43   -50
48   44   -50
48   45   -50
48   46   -50
48   47   -50
48   49   -50
48   54   -50
48   55   -50
48   56   -50
48   57   -50
48   58   -50
48   59   -50
48   64   -50
48   65   -50
48   66   -50
48   67   -50
48   68   -50
48   69   -50
48   74   -50
48   75   -50
48   76   -50
48   77   -50
48   78   -50
48   79   -50
48   85   -50
48   86   -50
48   87   -50
48   88   -50
48   89   -50
48   98   -50

49   6   -50
49   7   -50
49   8   -50
49   9   -50
49   15   -50
49   16   -50
49   17   -50
49   18   -50
49   19   -50
49   25   -50
49   26   -50
49   27   -50
49   28   -50
49   29   -50
49   35   -50
49   36   -50
49   37   -50
49   38   -50
49   39   -50
49   44   -50
49   45   -50
49   46   -50
49   47   -50
49   48   -50
49   55   -50
49   56   -50
49   57   -50
49   58   -50
49   59   -50
49   65   -50
49   66   -50
49   67   -50
49   68   -50
49   69   -50
49   75   -50
49   76   -50
49   77   -50
49   78   -50
49   79   -50
49   86   -50
49   87   -50
49   88   -50
49   89   -50
49   99   -50

50   0   -50
50   10   -50
50   11   -50
50   12   -50
50   13   -50
50   20   -50
50   21   -50
50   22   -50
50   23   -50
50   24   -50
50   30   -50
50   31   -50
50   32   -50
50   33   -50
50   34   -50
50   40   -50
50   41   -50
50   42   -50
50   43   -50
50   44   -50
50   51   -50
50   52   -50
50   53   -50
50   54   -50
50   55   -50
50   60   -50
50   61   -50
50   62   -50
50   63   -50
50   64   -50
50   70   -50
50   71   -50
50   72   -50
50   73   -50
50   74   -50
50   80   -50
50   81   -50
50   82   -50
50   83   -50
50   84   -50
50   90   -50
50   91   -50
50   92   -50
50   93   -50

51   1   -50
51   10   -50
51   11   -50
51   12   -50
51   13   -50
51   14   -50
51   20   -50
51   21   -50
51   22   -50
51   23   -50
51   24   -50
51   25   -50
51   30   -50
51   31   -50
51   32   -50
51   33   -50
51   34   -50
51   35   -50
51   40   -50
51   41   -50
51   42   -50
51   43   -50
51   44   -50
51   45   -50
51   50   -50
51   52   -50
51   53   -50
51   54   -50
51   55   -50
51   56   -50
51   60   -50
51   61   -50
51   62   -50
51   63   -50
51   64   -50
51   65   -50
51   70   -50
51   71   -50
51   72   -50
51   73   -50
51   74   -50
51   75   -50
51   80   -50
51   81   -50
51   82   -50
51   83   -50
51   84   -50
51   85   -50
51   90   -50
51   91   -50
51   92   -50
51   93   -50
51   94   -50

52   2   -50
52   10   -50
52   11   -50
52   12   -50
52   13   -50
52   14   -50
52   15   -50
52   20   -50
52   21   -50
52   22   -50
52   23   -50
52   24   -50
52   25   -50
52   26   -50
52   30   -50
52   31   -50
52   32   -50
52   33   -50
52   34   -50
52   35   -50
52   36   -50
52   40   -50
52   41   -50
52   42   -50
52   43   -50
52   44   -50
52   45   -50
52   46   -50
52   50   -50
52   51   -50
52   53   -50
52   54   -50
52   55   -50
52   56   -50
52   57   -50
52   60   -50
52   61   -50
52   62   -50
52   63   -50
52   64   -50
52   65   -50
52   66   -50
52   70   -50
52   71   -50
52   72   -50
52   73   -50
52   74   -50
52   75   -50
52   76   -50
52   80   -50
52   81   -50
52   82   -50
52   83   -50
52   84   -50
52   85   -50
52   86   -50
52   90   -50
52   91   -50
52   92   -50
52   93   -50
52   94   -50
52   95   -50

53   3   -50
53   10   -50
53   11   -50
53   12   -50
53   13   -50
53   14   -50
53   15   -50
53   16   -50
53   20   -50
53   21   -50
53   22   -50
53   23   -50
53   24   -50
53   25   -50
53   26   -50
53   27   -50
53   30   -50
53   31   -50
53   32   -50
53   33   -50
53   34   -50
53   35   -50
53   36   -50
53   37   -50
53   40   -50
53   41   -50
53   42   -50
53   43   -50
53   44   -50
53   45   -50
53   46   -50
53   47   -50
53   50   -50
53   51   -50
53   52   -50
53   54   -50
53   55   -50
53   56   -50
53   57   -50
53   58   -50
53   60   -50
53   61   -50
53   62   -50
53   63   -50
53   64   -50
53   65   -50
53   66   -50
53   67   -50
53   70   -50
53   71   -50
53   72   -50
53   73   -50
53   74   -50
53   75   -50
53   76   -50
53   77   -50
53   80   -50
53   81   -50
53   82   -50
53   83   -50
53   84   -50
53   85   -50
53   86   -50
53   87   -50
53   90   -50
53   91   -50
53   92   -50
53   93   -50
53   94   -50
53   95   -50
53   96   -50

54   4   -50
54   11   -50
54   12   -50
54   13   -50
54   14   -50
54   15   -50
54   16   -50
54   17   -50
54   20   -50
54   21   -50
54   22   -50
54   23   -50
54   24   -50
54   25   -50
54   26   -50
54   27   -50
54   28   -50
54   30   -50
54   31   -50
54   32   -50
54   33   -50
54   34   -50
54   35   -50
54   36   -50
54   37   -50
54   38   -50
54   40   -50
54   41   -50
54   42   -50
54   43   -50
54   44   -50
54   45   -50
54   46   -50
54   47   -50
54   48   -50
54   50   -50
54   51   -50
54   52   -50
54   53   -50
54   55   -50
54   56   -50
54   57   -50
54   58   -50
54   59   -50
54   60   -50
54   61   -50
54   62   -50
54   63   -50
54   64   -50
54   65   -50
54   66   -50
54   67   -50
54   68   -50
54   70   -50
54   71   -50
54   72   -50
54   73   -50
54   74   -50
54   75   -50
54   76   -50
54   77   -50
54   78   -50
54   80   -50
54   81   -50
54   82   -50
54   83   -50
54   84   -50
54   85   -50
54   86   -50
54   87   -50
54   88   -50
54   91   -50
54   92   -50
54   93   -50
54   94   -50
54   95   -50
54   96   -50
54   97   -50

55   5   -50
55   12   -50
55   13   -50
55   14   -50
55   15   -50
55   16   -50
55   17   -50
55   18   -50
55   21   -50
55   22   -50
55   23   -50
55   24   -50
55   25   -50
55   26   -50
55   27   -50
55   28   -50
55   29   -50
55   31   -50
55   32   -50
55   33   -50
55   34   -50
55   35   -50
55   36   -50
55   37   -50
55   38   -50
55   39   -50
55   41   -50
55   42   -50
55   43   -50
55   44   -50
55   45   -50
55   46   -50
55   47   -50
55   48   -50
55   49   -50
55   50   -50
55   51   -50
55   52   -50
55   53   -50
55   54   -50
55   56   -50
55   57   -50
55   58   -50
55   59   -50
55   61   -50
55   62   -50
55   63   -50
55   64   -50
55   65   -50
55   66   -50
55   67   -50
55   68   -50
55   69   -50
55   71   -50
55   72   -50
55   73   -50
55   74   -50
55   75   -50
55   76   -50
55   77   -50
55   78   -50
55   79   -50
55   81   -50
55   82   -50
55   83   -50
55   84   -50
55   85   -50
55   86   -50
55   87   -50
55   88   -50
55   89   -50
55   92   -50
55   93   -50
55   94   -50
55   95   -50
55   96   -50
55   97   -50
55   98   -50

56   6   -50
56   13   -50
56   14   -50
56   15   -50
56   16   -50
56   17   -50
56   18   -50
56   19   -50
56   22   -50
56   23   -50
56   24   -50
56   25   -50
56   26   -50
56   27   -50
56   28   -50
56   29   -50
56   32   -50
56   33   -50
56   34   -50
56   35   -50
56   36   -50
56   37   -50
56   38   -50
56   39   -50
56   42   -50
56   43   -50
56   44   -50
56   45   -50
56   46   -50
56   47   -50
56   48   -50
56   49   -50
56   51   -50
56   52   -50
56   53   -50
56   54   -50
56   55   -50
56   57   -50
56   58   -50
56   59   -50
56   62   -50
56   63   -50
56   64   -50
56   65   -50
56   66   -50
56   67   -50
56   68   -50
56   69   -50
56   72   -50
56   73   -50
56   74   -50
56   75   -50
56   76   -50
56   77   -50
56   78   -50
56   79   -50
56   82   -50
56   83   -50
56   84   -50
56   85   -50
56   86   -50
56   87   -50
56   88   -50
56   89   -50
56   93   -50
56   94   -50
56   95   -50
56   96   -50
56   97   -50
56   98   -50
56   99   -50

57   7   -50
57   14   -50
57   15   -50
57   16   -50
57   17   -50
57   18   -50
57   19   -50
57   23   -50
57   24   -50
57   25   -50
57   26   -50
57   27   -50
57   28   -50
57   29   -50
57   33   -50
57   34   -50
57   35   -50
57   36   -50
57   37   -50
57   38   -50
57   39   -50
57   43   -50
57   44   -50
57   45   -50
57   46   -50
57   47   -50
57   48   -50
57   49   -50
57   52   -50
57   53   -50
57   54   -50
57   55   -50
57   56   -50
57   58   -50
57   59   -50
57   63   -50
57   64   -50
57   65   -50
57   66   -50
57   67   -50
57   68   -50
57   69   -50
57   73   -50
57   74   -50
57   75   -50
57   76   -50
57   77   -50
57   78   -50
57   79   -50
57   83   -50
57   84   -50
57   85   -50
57   86   -50
57   87   -50
57   88   -50
57   89   -50
57   94   -50
57   95   -50
57   96   -50
57   97   -50
57   98   -50
57   99   -50

58   8   -50
58   15   -50
58   16   -50
58   17   -50
58   18   -50
58   19   -50
58   24   -50
58   25   -50
58   26   -50
58   27   -50
58   28   -50
58   29   -50
58   34   -50
58   35   -50
58   36   -50
58   37   -50
58   38   -50
58   39   -50
58   44   -50
58   45   -50
58   46   -50
58   47   -50
58   48   -50
58   49   -50
58   53   -50
58   54   -50
58   55   -50
58   56   -50
58   57   -50
58   59   -50
58   64   -50
58   65   -50
58   66   -50
58   67   -50
58   68   -50
58   69   -50
58   74   -50
58   75   -50
58   76   -50
58   77   -50
58   78   -50
58   79   -50
58   84   -50
58   85   -50
58   86   -50
58   87   -50
58   88   -50
58   89   -50
58   95   -50
58   96   -50
58   97   -50
58   98   -50
58   99   -50

59   9   -50
59   16   -50
59   17   -50
59   18   -50
59   19   -50
59   25   -50
59   26   -50
59   27   -50
59   28   -50
59   29   -50
59   35   -50
59   36   -50
59   37   -50
59   38   -50
59   39   -50
59   45   -50
59   46   -50
59   47   -50
59   48   -50
59   49   -50
59   54   -50
59   55   -50
59   56   -50
59   57   -50
59   58   -50
59   65   -50
59   66   -50
59   67   -50
59   68   -50
59   69   -50
59   75   -50
59   76   -50
59   77   -50
59   78   -50
59   79   -50
59   85   -50
59   86   -50
59   87   -50
59   88   -50
59   89   -50
59   96   -50
59   97   -50
59   98   -50
59   99   -50

60   10   -50
60   20   -50
60   21   -50
60   22   -50
60   23   -50
60   30   -50
60   31   -50
60   32   -50
60   33   -50
60   34   -50
60   40   -50
60   41   -50
60   42   -50
60   43   -50
60   44   -50
60   50   -50
60   51   -50
60   52   -50
60   53   -50
60   54   -50
60   61   -50
60   62   -50
60   63   -50
60   64   -50
60   65   -50
60   70   -50
60   71   -50
60   72   -50
60   73   -50
60   74   -50
60   80   -50
60   81   -50
60   82   -50
60   83   -50
60   84   -50
60   90   -50
60   91   -50
60   92   -50
60   93   -50
60   94   -50

61   11   -50
61   20   -50
61   21   -50
61   22   -50
61   23   -50
61   24   -50
61   30   -50
61   31   -50
61   32   -50
61   33   -50
61   34   -50
61   35   -50
61   40   -50
61   41   -50
61   42   -50
61   43   -50
61   44   -50
61   45   -50
61   50   -50
61   51   -50
61   52   -50
61   53   -50
61   54   -50
61   55   -50
61   60   -50
61   62   -50
61   63   -50
61   64   -50
61   65   -50
61   66   -50
61   70   -50
61   71   -50
61   72   -50
61   73   -50
61   74   -50
61   75   -50
61   80   -50
61   81   -50
61   82   -50
61   83   -50
61   84   -50
61   85   -50
61   90   -50
61   91   -50
61   92   -50
61   93   -50
61   94   -50
61   95   -50

62   12   -50
62   20   -50
62   21   -50
62   22   -50
62   23   -50
62   24   -50
62   25   -50
62   30   -50
62   31   -50
62   32   -50
62   33   -50
62   34   -50
62   35   -50
62   36   -50
62   40   -50
62   41   -50
62   42   -50
62   43   -50
62   44   -50
62   45   -50
62   46   -50
62   50   -50
62   51   -50
62   52   -50
62   53   -50
62   54   -50
62   55   -50
62   56   -50
62   60   -50
62   61   -50
62   63   -50
62   64   -50
62   65   -50
62   66   -50
62   67   -50
62   70   -50
62   71   -50
62   72   -50
62   73   -50
62   74   -50
62   75   -50
62   76   -50
62   80   -50
62   81   -50
62   82   -50
62   83   -50
62   84   -50
62   85   -50
62   86   -50
62   90   -50
62   91   -50
62   92   -50
62   93   -50
62   94   -50
62   95   -50
62   96   -50

63   13   -50
63   20   -50
63   21   -50
63   22   -50
63   23   -50
63   24   -50
63   25   -50
63   26   -50
63   30   -50
63   31   -50
63   32   -50
63   33   -50
63   34   -50
63   35   -50
63   36   -50
63   37   -50
63   40   -50
63   41   -50
63   42   -50
63   43   -50
63   44   -50
63   45   -50
63   46   -50
63   47   -50
63   50   -50
63   51   -50
63   52   -50
63   53   -50
63   54   -50
63   55   -50
63   56   -50
63   57   -50
63   60   -50
63   61   -50
63   62   -50
63   64   -50
63   65   -50
63   66   -50
63   67   -50
63   68   -50
63   70   -50
63   71   -50
63   72   -50
63   73   -50
63   74   -50
63   75   -50
63   76   -50
63   77   -50
63   80   -50
63   81   -50
63   82   -50
63   83   -50
63   84   -50
63   85   -50
63   86   -50
63   87   -50
63   90   -50
63   91   -50
63   92   -50
63   93   -50
63   94   -50
63   95   -50
63   96   -50
63   97   -50

64   14   -50
64   21   -50
64   22   -50
64   23   -50
64   24   -50
64   25   -50
64   26   -50
64   27   -50
64   30   -50
64   31   -50
64   32   -50
64   33   -50
64   34   -50
64   35   -50
64   36   -50
64   37   -50
64   38   -50
64   40   -50
64   41   -50
64   42   -50
64   43   -50
64   44   -50
64   45   -50
64   46   -50
64   47   -50
64   48   -50
64   50   -50
64   51   -50
64   52   -50
64   53   -50
64   54   -50
64   55   -50
64   56   -50
64   57   -50
64   58   -50
64   60   -50
64   61   -50
64   62   -50
64   63   -50
64   65   -50
64   66   -50
64   67   -50
64   68   -50
64   69   -50
64   70   -50
64   71   -50
64   72   -50
64   73   -50
64   74   -50
64   75   -50
64   76   -50
64   77   -50
64   78   -50
64   80   -50
64   81   -50
64   82   -50
64   83   -50
64   84   -50
64   85   -50
64   86   -50
64   87   -50
64   88   -50
64   90   -50
64   91   -50
64   92   -50
64   93   -50
64   94   -50
64   95   -50
64   96   -50
64   97   -50
64   98   -50

65   15   -50
65   22   -50
65   23   -50
65   24   -50
65   25   -50
65   26   -50
65   27   -50
65   28   -50
65   31   -50
65   32   -50
65   33   -50
65   34   -50
65   35   -50
65   36   -50
65   37   -50
65   38   -50
65   39   -50
65   41   -50
65   42   -50
65   43   -50
65   44   -50
65   45   -50
65   46   -50
65   47   -50
65   48   -50
65   49   -50
65   51   -50
65   52   -50
65   53   -50
65   54   -50
65   55   -50
65   56   -50
65   57   -50
65   58   -50
65   59   -50
65   60   -50
65   61   -50
65   62   -50
65   63   -50
65   64   -50
65   66   -50
65   67   -50
65   68   -50
65   69   -50
65   71   -50
65   72   -50
65   73   -50
65   74   -50
65   75   -50
65   76   -50
65   77   -50
65   78   -50
65   79   -50
65   81   -50
65   82   -50
65   83   -50
65   84   -50
65   85   -50
65   86   -50
65   87   -50
65   88   -50
65   89   -50
65   91   -50
65   92   -50
65   93   -50
65   94   -50
65   95   -50
65   96   -50
65   97   -50
65   98   -50
65   99   -50

66   16   -50
66   23   -50
66   24   -50
66   25   -50
66   26   -50
66   27   -50
66   28   -50
66   29   -50
66   32   -50
66   33   -50
66   34   -50
66   35   -50
66   36   -50
66   37   -50
66   38   -50
66   39   -50
66   42   -50
66   43   -50
66   44   -50
66   45   -50
66   46   -50
66   47   -50
66   48   -50
66   49   -50
66   52   -50
66   53   -50
66   54   -50
66   55   -50
66   56   -50
66   57   -50
66   58   -50
66   59   -50
66   61   -50
66   62   -50
66   63   -50
66   64   -50
66   65   -50
66   67   -50
66   68   -50
66   69   -50
66   72   -50
66   73   -50
66   74   -50
66   75   -50
66   76   -50
66   77   -50
66   78   -50
66   79   -50
66   82   -50
66   83   -50
66   84   -50
66   85   -50
66   86   -50
66   87   -50
66   88   -50
66   89   -50
66   92   -50
66   93   -50
66   94   -50
66   95   -50
66   96   -50
66   97   -50
66   98   -50
66   99   -50

67   17   -50
67   24   -50
67   25   -50
67   26   -50
67   27   -50
67   28   -50
67   29   -50
67   33   -50
67   34   -50
67   35   -50
67   36   -50
67   37   -50
67   38   -50
67   39   -50
67   43   -50
67   44   -50
67   45   -50
67   46   -50
67   47   -50
67   48   -50
67   49   -50
67   53   -50
67   54   -50
67   55   -50
67   56   -50
67   57   -50
67   58   -50
67   59   -50
67   62   -50
67   63   -50
67   64   -50
67   65   -50
67   66   -50
67   68   -50
67   69   -50
67   73   -50
67   74   -50
67   75   -50
67   76   -50
67   77   -50
67   78   -50
67   79   -50
67   83   -50
67   84   -50
67   85   -50
67   86   -50
67   87   -50
67   88   -50
67   89   -50
67   93   -50
67   94   -50
67   95   -50
67   96   -50
67   97   -50
67   98   -50
67   99   -50

68   18   -50
68   25   -50
68   26   -50
68   27   -50
68   28   -50
68   29   -50
68   34   -50
68   35   -50
68   36   -50
68   37   -50
68   38   -50
68   39   -50
68   44   -50
68   45   -50
68   46   -50
68   47   -50
68   48   -50
68   49   -50
68   54   -50
68   55   -50
68   56   -50
68   57   -50
68   58   -50
68   59   -50
68   63   -50
68   64   -50
68   65   -50
68   66   -50
68   67   -50
68   69   -50
68   74   -50
68   75   -50
68   76   -50
68   77   -50
68   78   -50
68   79   -50
68   84   -50
68   85   -50
68   86   -50
68   87   -50
68   88   -50
68   89   -50
68   94   -50
68   95   -50
68   96   -50
68   97   -50
68   98   -50
68   99   -50

69   19   -50
69   26   -50
69   27   -50
69   28   -50
69   29   -50
69   35   -50
69   36   -50
69   37   -50
69   38   -50
69   39   -50
69   45   -50
69   46   -50
69   47   -50
69   48   -50
69   49   -50
69   55   -50
69   56   -50
69   57   -50
69   58   -50
69   59   -50
69   64   -50
69   65   -50
69   66   -50
69   67   -50
69   68   -50
69   75   -50
69   76   -50
69   77   -50
69   78   -50
69   79   -50
69   85   -50
69   86   -50
69   87   -50
69   88   -50
69   89   -50
69   95   -50
69   96   -50
69   97   -50
69   98   -50
69   99   -50

70   20   -50
70   30   -50
70   31   -50
70   32   -50
70   33   -50
70   40   -50
70   41   -50
70   42   -50
70   43   -50
70   44   -50
70   50   -50
70   51   -50
70   52   -50
70   53   -50
70   54   -50
70   60   -50
70   61   -50
70   62   -50
70   63   -50
70   64   -50
70   71   -50
70   72   -50
70   73   -50
70   74   -50
70   75   -50
70   80   -50
70   81   -50
70   82   -50
70   83   -50
70   84   -50
70   90   -50
70   91   -50
70   92   -50
70   93   -50
70   94   -50

71   21   -50
71   30   -50
71   31   -50
71   32   -50
71   33   -50
71   34   -50
71   40   -50
71   41   -50
71   42   -50
71   43   -50
71   44   -50
71   45   -50
71   50   -50
71   51   -50
71   52   -50
71   53   -50
71   54   -50
71   55   -50
71   60   -50
71   61   -50
71   62   -50
71   63   -50
71   64   -50
71   65   -50
71   70   -50
71   72   -50
71   73   -50
71   74   -50
71   75   -50
71   76   -50
71   80   -50
71   81   -50
71   82   -50
71   83   -50
71   84   -50
71   85   -50
71   90   -50
71   91   -50
71   92   -50
71   93   -50
71   94   -50
71   95   -50

72   22   -50
72   30   -50
72   31   -50
72   32   -50
72   33   -50
72   34   -50
72   35   -50
72   40   -50
72   41   -50
72   42   -50
72   43   -50
72   44   -50
72   45   -50
72   46   -50
72   50   -50
72   51   -50
72   52   -50
72   53   -50
72   54   -50
72   55   -50
72   56   -50
72   60   -50
72   61   -50
72   62   -50
72   63   -50
72   64   -50
72   65   -50
72   66   -50
72   70   -50
72   71   -50
72   73   -50
72   74   -50
72   75   -50
72   76   -50
72   77   -50
72   80   -50
72   81   -50
72   82   -50
72   83   -50
72   84   -50
72   85   -50
72   86   -50
72   90   -50
72   91   -50
72   92   -50
72   93   -50
72   94   -50
72   95   -50
72   96   -50

73   23   -50
73   30   -50
73   31   -50
73   32   -50
73   33   -50
73   34   -50
73   35   -50
73   36   -50
73   40   -50
73   41   -50
73   42   -50
73   43   -50
73   44   -50
73   45   -50
73   46   -50
73   47   -50
73   50   -50
73   51   -50
73   52   -50
73   53   -50
73   54   -50
73   55   -50
73   56   -50
73   57   -50
73   60   -50
73   61   -50
73   62   -50
73   63   -50
73   64   -50
73   65   -50
73   66   -50
73   67   -50
73   70   -50
73   71   -50
73   72   -50
73   74   -50
73   75   -50
73   76   -50
73   77   -50
73   78   -50
73   80   -50
73   81   -50
73   82   -50
73   83   -50
73   84   -50
73   85   -50
73   86   -50
73   87   -50
73   90   -50
73   91   -50
73   92   -50
73   93   -50
73   94   -50
73   95   -50
73   96   -50
73   97   -50

74   24   -50
74   31   -50
74   32   -50
74   33   -50
74   34   -50
74   35   -50
74   36   -50
74   37   -50
74   40   -50
74   41   -50
74   42   -50
74   43   -50
74   44   -50
74   45   -50
74   46   -50
74   47   -50
74   48   -50
74   50   -50
74   51   -50
74   52   -50
74   53   -50
74   54   -50
74   55   -50
74   56   -50
74   57   -50
74   58   -50
74   60   -50
74   61   -50
74   62   -50
74   63   -50
74   64   -50
74   65   -50
74   66   -50
74   67   -50
74   68   -50
74   70   -50
74   71   -50
74   72   -50
74   73   -50
74   75   -50
74   76   -50
74   77   -50
74   78   -50
74   79   -50
74   80   -50
74   81   -50
74   82   -50
74   83   -50
74   84   -50
74   85   -50
74   86   -50
74   87   -50
74   88   -50
74   90   -50
74   91   -50
74   92   -50
74   93   -50
74   94   -50
74   95   -50
74   96   -50
74   97   -50
74   98   -50

75   25   -50
75   32   -50
75   33   -50
75   34   -50
75   35   -50
75   36   -50
75   37   -50
75   38   -50
75   41   -50
75   42   -50
75   43   -50
75   44   -50
75   45   -50
75   46   -50
75   47   -50
75   48   -50
75   49   -50
75   51   -50
75   52   -50
75   53   -50
75   54   -50
75   55   -50
75   56   -50
75   57   -50
75   58   -50
75   59   -50
75   61   -50
75   62   -50
75   63   -50
75   64   -50
75   65   -50
75   66   -50
75   67   -50
75   68   -50
75   69   -50
75   70   -50
75   71   -50
75   72   -50
75   73   -50
75   74   -50
75   76   -50
75   77   -50
75   78   -50
75   79   -50
75   81   -50
75   82   -50
75   83   -50
75   84   -50
75   85   -50
75   86   -50
75   87   -50
75   88   -50
75   89   -50
75   91   -50
75   92   -50
75   93   -50
75   94   -50
75   95   -50
75   96   -50
75   97   -50
75   98   -50
75   99   -50

76   26   -50
76   33   -50
76   34   -50
76   35   -50
76   36   -50
76   37   -50
76   38   -50
76   39   -50
76   42   -50
76   43   -50
76   44   -50
76   45   -50
76   46   -50
76   47   -50
76   48   -50
76   49   -50
76   52   -50
76   53   -50
76   54   -50
76   55   -50
76   56   -50
76   57   -50
76   58   -50
76   59   -50
76   62   -50
76   63   -50
76   64   -50
76   65   -50
76   66   -50
76   67   -50
76   68   -50
76   69   -50
76   71   -50
76   72   -50
76   73   -50
76   74   -50
76   75   -50
76   77   -50
76   78   -50
76   79   -50
76   82   -50
76   83   -50
76   84   -50
76   85   -50
76   86   -50
76   87   -50
76   88   -50
76   89   -50
76   92   -50
76   93   -50
76   94   -50
76   95   -50
76   96   -50
76   97   -50
76   98   -50
76   99   -50

77   27   -50
77   34   -50
77   35   -50
77   36   -50
77   37   -50
77   38   -50
77   39   -50
77   43   -50
77   44   -50
77   45   -50
77   46   -50
77   47   -50
77   48   -50
77   49   -50
77   53   -50
77   54   -50
77   55   -50
77   56   -50
77   57   -50
77   58   -50
77   59   -50
77   63   -50
77   64   -50
77   65   -50
77   66   -50
77   67   -50
77   68   -50
77   69   -50
77   72   -50
77   73   -50
77   74   -50
77   75   -50
77   76   -50
77   78   -50
77   79   -50
77   83   -50
77   84   -50
77   85   -50
77   86   -50
77   87   -50
77   88   -50
77   89   -50
77   93   -50
77   94   -50
77   95   -50
77   96   -50
77   97   -50
77   98   -50
77   99   -50

78   28   -50
78   35   -50
78   36   -50
78   37   -50
78   38   -50
78   39   -50
78   44   -50
78   45   -50
78   46   -50
78   47   -50
78   48   -50
78   49   -50
78   54   -50
78   55   -50
78   56   -50
78   57   -50
78   58   -50
78   59   -50
78   64   -50
78   65   -50
78   66   -50
78   67   -50
78   68   -50
78   69   -50
78   73   -50
78   74   -50
78   75   -50
78   76   -50
78   77   -50
78   79   -50
78   84   -50
78   85   -50
78   86   -50
78   87   -50
78   88   -50
78   89   -50
78   94   -50
78   95   -50
78   96   -50
78   97   -50
78   98   -50
78   99   -50

79   29   -50
79   36   -50
79   37   -50
79   38   -50
79   39   -50
79   45   -50
79   46   -50
79   47   -50
79   48   -50
79   49   -50
79   55   -50
79   56   -50
79   57   -50
79   58   -50
79   59   -50
79   65   -50
79   66   -50
79   67   -50
79   68   -50
79   69   -50
79   74   -50
79   75   -50
79   76   -50
79   77   -50
79   78   -50
79   85   -50
79   86   -50
79   87   -50
79   88   -50
79   89   -50
79   95   -50
79   96   -50
79   97   -50
79   98   -50
79   99   -50

80   30   -50
80   40   -50
80   41   -50
80   42   -50
80   43   -50
80   50   -50
80   51   -50
80   52   -50
80   53   -50
80   54   -50
80   60   -50
80   61   -50
80   62   -50
80   63   -50
80   64   -50
80   70   -50
80   71   -50
80   72   -50
80   73   -50
80   74   -50
80   81   -50
80   82   -50
80   83   -50
80   84   -50
80   85   -50
80   90   -50
80   91   -50
80   92   -50
80   93   -50
80   94   -50

81   31   -50
81   40   -50
81   41   -50
81   42   -50
81   43   -50
81   44   -50
81   50   -50
81   51   -50
81   52   -50
81   53   -50
81   54   -50
81   55   -50
81   60   -50
81   61   -50
81   62   -50
81   63   -50
81   64   -50
81   65   -50
81   70   -50
81   71   -50
81   72   -50
81   73   -50
81   74   -50
81   75   -50
81   80   -50
81   82   -50
81   83   -50
81   84   -50
81   85   -50
81   86   -50
81   90   -50
81   91   -50
81   92   -50
81   93   -50
81   94   -50
81   95   -50

82   32   -50
82   40   -50
82   41   -50
82   42   -50
82   43   -50
82   44   -50
82   45   -50
82   50   -50
82   51   -50
82   52   -50
82   53   -50
82   54   -50
82   55   -50
82   56   -50
82   60   -50
82   61   -50
82   62   -50
82   63   -50
82   64   -50
82   65   -50
82   66   -50
82   70   -50
82   71   -50
82   72   -50
82   73   -50
82   74   -50
82   75   -50
82   76   -50
82   80   -50
82   81   -50
82   83   -50
82   84   -50
82   85   -50
82   86   -50
82   87   -50
82   90   -50
82   91   -50
82   92   -50
82   93   -50
82   94   -50
82   95   -50
82   96   -50

83   33   -50
83   40   -50
83   41   -50
83   42   -50
83   43   -50
83   44   -50
83   45   -50
83   46   -50
83   50   -50
83   51   -50
83   52   -50
83   53   -50
83   54   -50
83   55   -50
83   56   -50
83   57   -50
83   60   -50
83   61   -50
83   62   -50
83   63   -50
83   64   -50
83   65   -50
83   66   -50
83   67   -50
83   70   -50
83   71   -50
83   72   -50
83   73   -50
83   74   -50
83   75   -50
83   76   -50
83   77   -50
83   80   -50
83   81   -50
83   82   -50
83   84   -50
83   85   -50
83   86   -50
83   87   -50
83   88   -50
83   90   -50
83   91   -50
83   92   -50
83   93   -50
83   94   -50
83   95   -50
83   96   -50
83   97   -50

84   34   -50
84   41   -50
84   42   -50
84   43   -50
84   44   -50
84   45   -50
84   46   -50
84   47   -50
84   50   -50
84   51   -50
84   52   -50
84   53   -50
84   54   -50
84   55   -50
84   56   -50
84   57   -50
84   58   -50
84   60   -50
84   61   -50
84   62   -50
84   63   -50
84   64   -50
84   65   -50
84   66   -50
84   67   -50
84   68   -50
84   70   -50
84   71   -50
84   72   -50
84   73   -50
84   74   -50
84   75   -50
84   76   -50
84   77   -50
84   78   -50
84   80   -50
84   81   -50
84   82   -50
84   83   -50
84   85   -50
84   86   -50
84   87   -50
84   88   -50
84   89   -50
84   90   -50
84   91   -50
84   92   -50
84   93   -50
84   94   -50
84   95   -50
84   96   -50
84   97   -50
84   98   -50

85   35   -50
85   42   -50
85   43   -50
85   44   -50
85   45   -50
85   46   -50
85   47   -50
85   48   -50
85   51   -50
85   52   -50
85   53   -50
85   54   -50
85   55   -50
85   56   -50
85   57   -50
85   58   -50
85   59   -50
85   61   -50
85   62   -50
85   63   -50
85   64   -50
85   65   -50
85   66   -50
85   67   -50
85   68   -50
85   69   -50
85   71   -50
85   72   -50
85   73   -50
85   74   -50
85   75   -50
85   76   -50
85   77   -50
85   78   -50
85   79   -50
85   80   -50
85   81   -50
85   82   -50
85   83   -50
85   84   -50
85   86   -50
85   87   -50
85   88   -50
85   89   -50
85   91   -50
85   92   -50
85   93   -50
85   94   -50
85   95   -50
85   96   -50
85   97   -50
85   98   -50
85   99   -50

86   36   -50
86   43   -50
86   44   -50
86   45   -50
86   46   -50
86   47   -50
86   48   -50
86   49   -50
86   52   -50
86   53   -50
86   54   -50
86   55   -50
86   56   -50
86   57   -50
86   58   -50
86   59   -50
86   62   -50
86   63   -50
86   64   -50
86   65   -50
86   66   -50
86   67   -50
86   68   -50
86   69   -50
86   72   -50
86   73   -50
86   74   -50
86   75   -50
86   76   -50
86   77   -50
86   78   -50
86   79   -50
86   81   -50
86   82   -50
86   83   -50
86   84   -50
86   85   -50
86   87   -50
86   88   -50
86   89   -50
86   92   -50
86   93   -50
86   94   -50
86   95   -50
86   96   -50
86   97   -50
86   98   -50
86   99   -50

87   37   -50
87   44   -50
87   45   -50
87   46   -50
87   47   -50
87   48   -50
87   49   -50
87   53   -50
87   54   -50
87   55   -50
87   56   -50
87   57   -50
87   58   -50
87   59   -50
87   63   -50
87   64   -50
87   65   -50
87   66   -50
87   67   -50
87   68   -50
87   69   -50
87   73   -50
87   74   -50
87   75   -50
87   76   -50
87   77   -50
87   78   -50
87   79   -50
87   82   -50
87   83   -50
87   84   -50
87   85   -50
87   86   -50
87   88   -50
87   89   -50
87   93   -50
87   94   -50
87   95   -50
87   96   -50
87   97   -50
87   98   -50
87   99   -50

88   38   -50
88   45   -50
88   46   -50
88   47   -50
88   48   -50
88   49   -50
88   54   -50
88   55   -50
88   56   -50
88   57   -50
88   58   -50
88   59   -50
88   64   -50
88   65   -50
88   66   -50
88   67   -50
88   68   -50
88   69   -50
88   74   -50
88   75   -50
88   76   -50
88   77   -50
88   78   -50
88   79   -50
88   83   -50
88   84   -50
88   85   -50
88   86   -50
88   87   -50
88   89   -50
88   94   -50
88   95   -50
88   96   -50
88   97   -50
88   98   -50
88   99   -50

89   39   -50
89   46   -50
89   47   -50
89   48   -50
89   49   -50
89   55   -50
89   56   -50
89   57   -50
89   58   -50
89   59   -50
89   65   -50
89   66   -50
89   67   -50
89   68   -50
89   69   -50
89   75   -50
89   76   -50
89   77   -50
89   78   -50
89   79   -50
89   84   -50
89   85   -50
89   86   -50
89   87   -50
89   88   -50
89   95   -50
89   96   -50
89   97   -50
89   98   -50
89   99   -50

90   40   -50
90   50   -50
90   51   -50
90   52   -50
90   53   -50
90   60   -50
90   61   -50
90   62   -50
90   63   -50
90   64   -50
90   70   -50
90   71   -50
90   72   -50
90   73   -50
90   74   -50
90   80   -50
90   81   -50
90   82   -50
90   83   -50
90   84   -50
90   91   -50
90   92   -50
90   93   -50
90   94   -50
90   95   -50

91   41   -50
91   50   -50
91   51   -50
91   52   -50
91   53   -50
91   54   -50
91   60   -50
91   61   -50
91   62   -50
91   63   -50
91   64   -50
91   65   -50
91   70   -50
91   71   -50
91   72   -50
91   73   -50
91   74   -50
91   75   -50
91   80   -50
91   81   -50
91   82   -50
91   83   -50
91   84   -50
91   85   -50
91   90   -50
91   92   -50
91   93   -50
91   94   -50
91   95   -50
91   96   -50

92   42   -50
92   50   -50
92   51   -50
92   52   -50
92   53   -50
92   54   -50
92   55   -50
92   60   -50
92   61   -50
92   62   -50
92   63   -50
92   64   -50
92   65   -50
92   66   -50
92   70   -50
92   71   -50
92   72   -50
92   73   -50
92   74   -50
92   75   -50
92   76   -50
92   80   -50
92   81   -50
92   82   -50
92   83   -50
92   84   -50
92   85   -50
92   86   -50
92   90   -50
92   91   -50
92   93   -50
92   94   -50
92   95   -50
92   96   -50
92   97   -50

93   43   -50
93   50   -50
93   51   -50
93   52   -50
93   53   -50
93   54   -50
93   55   -50
93   56   -50
93   60   -50
93   61   -50
93   62   -50
93   63   -50
93   64   -50
93   65   -50
93   66   -50
93   67   -50
93   70   -50
93   71   -50
93   72   -50
93   73   -50
93   74   -50
93   75   -50
93   76   -50
93   77   -50
93   80   -50
93   81   -50
93   82   -50
93   83   -50
93   84   -50
93   85   -50
93   86   -50
93   87   -50
93   90   -50
93   91   -50
93   92   -50
93   94   -50
93   95   -50
93   96   -50
93   97   -50
93   98   -50

94   44   -50
94   51   -50
94   52   -50
94   53   -50
94   54   -50
94   55   -50
94   56   -50
94   57   -50
94   60   -50
94   61   -50
94   62   -50
94   63   -50
94   64   -50
94   65   -50
94   66   -50
94   67   -50
94   68   -50
94   70   -50
94   71   -50
94   72   -50
94   73   -50
94   74   -50
94   75   -50
94   76   -50
94   77   -50
94   78   -50
94   80   -50
94   81   -50
94   82   -50
94   83   -50
94   84   -50
94   85   -50
94   86   -50
94   87   -50
94   88   -50
94   90   -50
94   91   -50
94   92   -50
94   93   -50
94   95   -50
94   96   -50
94   97   -50
94   98   -50
94   99   -50

95   45   -50
95   52   -50
95   53   -50
95   54   -50
95   55   -50
95   56   -50
95   57   -50
95   58   -50
95   61   -50
95   62   -50
95   63   -50
95   64   -50
95   65   -50
95   66   -50
95   67   -50
95   68   -50
95   69   -50
95   71   -50
95   72   -50
95   73   -50
95   74   -50
95   75   -50
95   76   -50
95   77   -50
95   78   -50
95   79   -50
95   81   -50
95   82   -50
95   83   -50
95   84   -50
95   85   -50
95   86   -50
95   87   -50
95   88   -50
95   89   -50
95   90   -50
95   91   -50
95   92   -50
95   93   -50
95   94   -50
95   96   -50
95   97   -50
95   98   -50
95   99   -50

96   46   -50
96   53   -50
96   54   -50
96   55   -50
96   56   -50
96   57   -50
96   58   -50
96   59   -50
96   62   -50
96   63   -50
96   64   -50
96   65   -50
96   66   -50
96   67   -50
96   68   -50
96   69   -50
96   72   -50
96   73   -50
96   74   -50
96   75   -50
96   76   -50
96   77   -50
96   78   -50
96   79   -50
96   82   -50
96   83   -50
96   84   -50
96   85   -50
96   86   -50
96   87   -50
96   88   -50
96   89   -50
96   91   -50
96   92   -50
96   93   -50
96   94   -50
96   95   -50
96   97   -50
96   98   -50
96   99   -50

97   47   -50
97   54   -50
97   55   -50
97   56   -50
97   57   -50
97   58   -50
97   59   -50
97   63   -50
97   64   -50
97   65   -50
97   66   -50
97   67   -50
97   68   -50
97   69   -50
97   73   -50
97   74   -50
97   75   -50
97   76   -50
97   77   -50
97   78   -50
97   79   -50
97   83   -50
97   84   -50
97   85   -50
97   86   -50
97   87   -50
97   88   -50
97   89   -50
97   92   -50
97   93   -50
97   94   -50
97   95   -50
97   96   -50
97   98   -50
97   99   -50

98   48   -50
98   55   -50
98   56   -50
98   57   -50
98   58   -50
98   59   -50
98   64   -50
98   65   -50
98   66   -50
98   67   -50
98   68   -50
98   69   -50
98   74   -50
98   75   -50
98   76   -50
98   77   -50
98   78   -50
98   79   -50
98   84   -50
98   85   -50
98   86   -50
98   87   -50
98   88   -50
98   89   -50
98   93   -50
98   94   -50
98   95   -50
98   96   -50
98   97   -50
98   99   -50

99   49   -50
99   56   -50
99   57   -50
99   58   -50
99   59   -50
99   65   -50
99   66   -50
99   67   -50
99   68   -50
99   69   -50
99   75   -50
99   76   -50
99   77   -50
99   78   -50
99   79   -50
99   85   -50
99   86   -50
99   87   -50
99   88   -50
99   89   -50
99   94   -50
99   95   -50
99   96   -50
99   97   -50
99   98   -50

